%YAML:1.0
---
camera_matrix: !!opencv-matrix
   rows: 3
   cols: 3
   dt: d
   data: [ 1305.7463335892314, 0., 632.72453788813266, 0.,
       1305.7463335892314, 518.41049743703263, 0., 0., 1. ]
distortion_coefficients: !!opencv-matrix
   rows: 1
   cols: 5
   dt: d
   data: [ -0.14633435225594305, 0.8164977590215966, 0., 0.,
       -2.022239974507221 ]
